0.000	179
0.001	2
0.002	173
0.003	62
0.004	2
0.007	17
0.008	1
0.009	1
0.010	1
0.011	6
0.012	3
0.020	8
0.022	1
0.023	176
0.024	107
0.025	185
0.026	68
0.027	370
0.028	143
0.029	2
0.030	18
0.031	1
0.032	1
0.033	3
0.034	8
0.035	10
0.036	8
0.038	1
0.042	1
0.043	9
0.045	1
0.046	7
0.047	64
0.048	70
0.049	63
0.050	222
0.051	211
0.052	39
0.053	29
0.054	7
0.056	1
0.057	2
0.058	9
0.059	6
0.060	9
0.061	3
0.062	1
0.066	2
0.069	5
0.070	3
0.071	6
0.072	25
0.073	10
0.074	40
0.075	30
0.076	60
0.077	66
0.078	3
0.079	8
0.080	2
0.081	2
0.082	3
0.083	4
0.084	3
0.085	3
0.086	1
0.087	1
0.088	2
0.091	1
0.093	2
0.094	1
0.095	5
0.096	6
0.097	3
0.098	10
0.099	17
0.100	21
0.101	26
0.102	26
0.103	9
0.104	1
0.106	2
0.107	2
0.108	2
0.109	3
0.110	2
0.111	3
0.112	5
0.113	2
0.114	1
0.118	2
0.119	4
0.120	2
0.121	2
0.122	4
0.123	1
0.124	1
0.125	6
0.126	5
0.127	5
0.128	2
0.131	1
0.134	2
0.135	1
0.136	2
0.137	3
0.142	1
0.146	1
0.148	2
0.149	1
0.158	1
0.160	4
0.169	1
0.171	1
0.172	1
0.175	1
0.183	1
0.185	1
0.193	1
0.195	3
0.198	1
0.207	1
0.208	1
0.218	2
0.230	1
